image: fullMap.png
resolution: 0.050000
origin: [-16.5, -22.65, 0.000000]
negate: 0
occupied_thresh: 0.65
free_thresh: 0.196

