image: sp1_5og.png
resolution: 0.050000
origin: [-16.500000, -22.650000, 0.000000]
negate: 0
occupied_thresh: 0.65
free_thresh: 0.196

